# Dressler 1954 ... H=0.110m
0.131926	0.0356546
0.137203	0.0384521
0.14248	0.0412481
0.147757	0.0440429
0.153034	0.0468372
0.158311	0.049631
0.163588	0.0524245
0.168865	0.0552174
0.174142	0.0580096
0.17942	0.0608012
0.184697	0.0635926
0.226913	0.0859057
0.23219	0.0886844
0.242744	0.0941941
0.248021	0.0969507
0.253298	0.0997367
0.258575	0.102563
0.263852	0.10543
0.269129	0.108338
0.274406	0.111284
0.279683	0.114267
0.28496	0.117282
0.290237	0.120354
0.295515	0.123417
0.332454	0.144566
0.337731	0.147765
0.343008	0.150929
0.348285	0.154143
0.353562	0.15741
0.358839	0.160728
0.364116	0.16409
0.369393	0.167488
0.37467	0.170975
0.379947	0.174459
0.385224	0.177939
0.390501	0.181415
0.427441	0.206231
0.432718	0.210247
0.437995	0.21432
0.453826	0.226355
0.459103	0.230305
0.46438	0.234156
0.474934	0.241687
0.480211	0.245469
0.532982	0.287394
0.538259	0.29188
0.543536	0.296252
0.548813	0.30065
0.55409	0.305073
0.559367	0.30952
0.627968	0.369047
0.633245	0.373683
0.643799	0.38273
0.649077	0.387133
0.654354	0.39188
0.659631	0.396735
0.664908	0.401696
0.691293	0.427048
0.69657	0.432137
0.707124	0.442377
0.712401	0.447575
0.717678	0.45274
0.722955	0.45789
0.728232	0.463069
0.733509	0.468091
0.738786	0.473075
0.744063	0.478058
0.74934	0.483052
0.754617	0.488074
0.759894	0.493056
0.765172	0.498079
0.770449	0.503213
0.775726	0.508389
0.781003	0.513608
0.78628	0.518863
0.791557	0.524151
0.796834	0.529487
0.802111	0.534876
0.807388	0.540316
0.812665	0.545816
0.817942	0.551373
0.823219	0.556981
0.828496	0.562638
0.833773	0.568339
0.83905	0.574087
0.844327	0.579949
0.849604	0.585763
0.854881	0.591609
0.860158	0.597471
0.865435	0.603343
0.870712	0.609306
0.875989	0.615314
0.881266	0.621405
0.886544	0.627576
0.891821	0.633812
0.897098	0.640243
0.907652	0.652861
0.912929	0.659246
0.923483	0.671833
0.92876	0.678161
0.939314	0.691019
0.944591	0.697573
0.955145	0.710868
0.960422	0.717557
0.970976	0.730923
0.976253	0.737587
0.986807	0.750901
0.992084	0.757559
1.01319	0.784109
1.01847	0.790804
1.02375	0.797556
1.02902	0.804358
1.0343	0.811182
1.03958	0.81806
1.04485	0.824863
1.05013	0.831594
1.05541	0.838248
1.06069	0.844844
1.06596	0.851401
1.07124	0.857973
1.07652	0.864621
1.08179	0.871309
1.08707	0.878144
1.09235	0.885034
1.09763	0.891944
1.1029	0.898841
1.10818	0.905689
1.11346	0.912469
1.11873	0.919189
1.12401	0.925871
1.12929	0.932545
1.13456	0.939243
1.13984	0.94598
1.14512	0.952769
1.1504	0.959617
1.15567	0.966503
1.16095	0.973393
1.1715	0.987106
1.17678	0.993898
1.18206	1.00067
1.18734	1.00744
1.19261	1.01424
1.19789	1.02111
1.20317	1.02805
1.20844	1.03506
1.21372	1.04215
1.219	1.04928
1.22427	1.05645
1.22955	1.06365
1.23483	1.07089
1.24011	1.07815
1.24538	1.08544
1.25066	1.09276
1.25594	1.10008
1.26121	1.10741
1.26649	1.11477
1.27177	1.12217
1.27704	1.12961
1.28232	1.13708
1.2876	1.14454
1.29288	1.15201
1.29815	1.15949
1.30343	1.167
1.30871	1.17456
1.31398	1.18216
1.31926	1.18981
1.32454	1.19749
1.32982	1.2052
1.33509	1.21293
1.34037	1.22071
1.34565	1.22846
1.35092	1.23622
1.3562	1.24402
1.36148	1.25187
1.36675	1.25979
1.37203	1.26775
1.37731	1.27574
1.38786	1.29174
1.39314	1.29975
1.39842	1.30779
1.40369	1.31586
1.40897	1.32395
1.41953	1.34011
1.4248	1.34818
1.43008	1.35626
1.43536	1.36435
1.44063	1.37244
1.44591	1.38053
1.45119	1.38862
1.45646	1.39669
1.46174	1.40479
1.46702	1.41281
1.4723	1.42081
1.47757	1.4288
1.48285	1.4368
1.48813	1.44478
1.4934	1.45275
1.49868	1.46069
1.50396	1.46859
1.50923	1.47644
1.51451	1.48427
1.51979	1.4921
1.52507	1.49996
1.53034	1.50785
1.53562	1.51579
1.5409	1.52376
1.54617	1.53175
1.55145	1.53976
1.55673	1.54778
1.56201	1.55582
1.56728	1.56388
1.57256	1.57194
1.57784	1.58003
1.58311	1.58817
1.58839	1.5964
1.59367	1.60474
1.59894	1.61321
1.60422	1.62181
1.6095	1.63051
1.62005	1.64811
1.62533	1.65693
1.63061	1.66576
1.63588	1.67457
1.64116	1.68341
1.64644	1.69228
1.65172	1.7012
1.65699	1.71017
1.66227	1.71918
1.66755	1.72823
1.67282	1.73728
1.6781	1.74632
1.68338	1.75534
1.68865	1.76432
1.69393	1.77326
1.69921	1.78216
1.70449	1.79102
1.70976	1.79987
1.71504	1.80873
1.72032	1.81759
1.72559	1.82646
1.73087	1.83535
1.73615	1.84423
1.74142	1.85311
1.7467	1.86198
1.75198	1.87084
1.75726	1.87968
1.76253	1.88853
1.76781	1.89737
1.77309	1.90621
1.77836	1.91505
1.78364	1.92386
1.78892	1.93264
1.7942	1.94137
1.79947	1.95008
1.80475	1.95878
1.81003	1.96747
1.8153	1.9762
1.82058	1.98493
1.82586	1.99367
1.83113	2.00242
1.83641	2.01118
1.84169	2.01994
1.84697	2.02872
1.85224	2.03754
1.85752	2.04639
1.8628	2.05528
1.86807	2.06418
1.87335	2.07307
1.87863	2.08195
1.88391	2.09081
1.88918	2.09964
1.89446	2.10844
1.89974	2.11722
1.90501	2.12597
1.91029	2.13472
1.91557	2.14347
1.92084	2.15224
1.92612	2.16103
1.9314	2.16985
1.93668	2.17868
1.94195	2.18754
1.94723	2.19642
1.95251	2.20532
1.95778	2.21426
1.96306	2.22324
1.96834	2.23227
1.97361	2.24134
1.97889	2.25045
1.98417	2.2596
1.98945	2.26878
1.99472	2.27797
2	2.28715
2.00528	2.29633
2.01055	2.30548
2.01583	2.31456
2.02111	2.32358
2.02639	2.33257
2.03166	2.34155
2.03694	2.3506
2.04222	2.35972
2.04749	2.36892
2.05277	2.37824
2.05805	2.38767
2.06332	2.39721
2.0686	2.40685
2.07388	2.41659
2.07916	2.42638
2.08443	2.43621
2.08971	2.44605
2.10026	2.46582
2.10554	2.47575
2.11609	2.49569
2.12137	2.5057
2.13193	2.52577
2.1372	2.53574
2.14248	2.54562
2.14776	2.55537
2.15303	2.56497
2.15831	2.57447
2.16359	2.58392
2.16887	2.59334
2.17414	2.60272
2.17942	2.61206
2.1847	2.62134
2.18997	2.6307
2.19525	2.63989
2.20053	2.649
2.2058	2.65804
2.21108	2.66704
2.21636	2.676
2.22164	2.68493
2.22691	2.69387
2.23219	2.7028
2.23747	2.71173
2.24274	2.72064
2.24802	2.7295
2.2533	2.73831
2.25858	2.7471
2.26385	2.75587
2.26913	2.76465
2.27441	2.77344
2.27968	2.78228
2.28496	2.79121
2.29024	2.80014
2.29551	2.80912
2.30079	2.81815
2.30607	2.82723
2.31135	2.83635
2.31662	2.84554
2.3219	2.85483
2.32718	2.86422
2.33245	2.8737
2.33773	2.88325
2.34828	2.90254
2.35356	2.91226
2.36412	2.93184
2.36939	2.94172
2.37995	2.96161
2.38522	2.97159
2.3905	2.98161
2.39578	2.99165
2.40106	3.00169
2.40633	3.0117
2.41161	3.02167
2.41689	3.03158
2.42216	3.04142
2.42744	3.05119
2.43272	3.06091
2.43799	3.07068
2.44327	3.0803
2.44855	3.08992
2.45383	3.09953
2.4591	3.10916
2.46438	3.11877
2.46966	3.12836
2.47493	3.13793
2.48021	3.14747
2.48549	3.15706
2.49077	3.16661
2.49604	3.17617
2.50132	3.18574
2.5066	3.19533
2.51187	3.2049
2.51715	3.21445
2.52243	3.22401
2.5277	3.23355
2.53298	3.24312
2.53826	3.25273
2.54881	3.27205
2.55409	3.28175
2.56464	3.3011
2.56992	3.31074
2.58047	3.32986
2.58575	3.33938
2.59631	3.35835
2.60158	3.36782
2.60686	3.37727
2.61214	3.3867
2.61741	3.39614
2.62269	3.40556
2.62797	3.41508
2.63325	3.42445
2.63852	3.4338
2.6438	3.4431
2.64908	3.45235
2.65435	3.46152
2.65963	3.47071
2.66491	3.47992
2.67018	3.48917
2.67546	3.49848
2.68074	3.50784
2.68602	3.51725
2.69129	3.5267
2.69657	3.53619
2.70185	3.5457
2.70712	3.55525
2.7124	3.56483
2.71768	3.57445
2.72296	3.58414
2.72823	3.59388
2.73351	3.60378
2.73879	3.61358
2.74406	3.62341
2.74934	3.63327
2.75462	3.64316
2.75989	3.65309
2.76517	3.66304
2.77045	3.67303
2.77573	3.68307
2.781	3.69317
2.78628	3.70333
2.79683	3.72377
2.80211	3.73402
2.81266	3.75452
2.81794	3.76474
2.82322	3.77495
2.8285	3.78514
2.83377	3.7953
2.83905	3.80546
2.84433	3.81561
2.8496	3.82574
2.85488	3.83584
2.86016	3.8459
2.86544	3.8559
2.87071	3.866
2.87599	3.87585
2.88127	3.88564
2.88654	3.89537
2.89182	3.90504
2.8971	3.91467
2.90237	3.92426
2.90765	3.93387
2.91293	3.9435
2.91821	3.95316
2.92348	3.96283
2.92876	3.97251
2.93404	3.98218
2.93931	3.99184
2.94459	4.00148
2.94987	4.01111
2.95515	4.02072
2.96042	4.03032
2.9657	4.03991
2.97098	4.04949
2.97625	4.05909
2.98153	4.0687
2.98681	4.07832
2.99208	4.08794
2.99736	4.09751
3.00264	4.10702
3.00792	4.11648
3.01319	4.1259
3.01847	4.13532
3.02375	4.14477
3.02902	4.15428
3.0343	4.16383
3.03958	4.17345
3.04485	4.18313
3.05013	4.19285
3.05541	4.20262
3.06069	4.21243
3.06596	4.22225
3.07652	4.24207
3.08179	4.25206
3.08707	4.26212
3.09235	4.27226
3.09763	4.28246
3.1029	4.29274
3.10818	4.30307
3.11346	4.31343
3.11873	4.32379
3.12401	4.33415
3.12929	4.34451
3.13456	4.35485
3.13984	4.36521
3.14512	4.37556
3.1504	4.38592
3.15567	4.39626
3.16095	4.40657
3.16623	4.41685
3.1715	4.42712
3.17678	4.43739
3.18206	4.44776
3.18734	4.45812
3.19261	4.46852
3.19789	4.47897
3.20317	4.48945
3.20844	4.50002
3.21372	4.51048
3.219	4.52093
3.22427	4.53135
3.22955	4.54174
3.23483	4.55212
3.24538	4.5728
3.25066	4.58311
3.26121	4.60365
3.26649	4.61391
3.27704	4.63432
3.28232	4.64446
3.29288	4.66458
3.29815	4.67454
3.30343	4.68443
3.30871	4.69426
3.31398	4.70406
3.31926	4.71383
3.32454	4.72366
3.32982	4.73335
3.33509	4.743
3.34037	4.7526
3.34565	4.76216
3.35092	4.77177
3.3562	4.78128
3.36148	4.7908
3.36675	4.80033
3.37203	4.80987
3.37731	4.81942
3.38259	4.82898
3.38786	4.83851
3.39314	4.848
3.39842	4.85747
3.40369	4.86693
3.40897	4.8764
3.41425	4.88586
3.41953	4.89534
3.4248	4.90482
3.43008	4.91431
3.43536	4.92382
3.44591	4.94284
3.45119	4.95235
